Zadajte pocet replikacii
1001
PocetPracovnikov1        PocetPracovnikov2       Sg1PriemernyCasCakania  Sg2PrimernyPocet        Sg3PriemernyCasVServise         Sg4PriemernyCasOpravy      Sg5PriemernySysteme     Sg11PrimernyPocetNaKonciDna     IS_NaZadanieObjednavkyMin         IS_NaZadanieObjednavkyMax       IS_NaOpravyMin  IS_NaOpravyMax     IS_VSystemeMin  IS_VSystemeMax

1        16      10344,9118912428        34,4339780202053        10653,7537632689        7305,88401062512        14611,7680212502        69,8806777777777   10337,666203536         10352,1575789495        7298,91214762731        7312,8558  7362293    10330,9681652472    10358,8556172384
1        17      10346,0872739822        34,4144965159979        10654,9493393317        7307,93346824221        14615,8669364844        69,8122888888889   10338,6625242511        10353,5120237134        7300,55457154516        7315,3123  6493927    10331,3294805881    10360,8450673763
1        18      10343,411228115         34,4176564239858        10652,1572885443        7300,53018734354        14601,0603746871        69,8444333333334   10336,0000333236        10350,8224229064        7293,08525514153        7307,9751  1954554    10328,521363711     10358,301092519
1        19      10352,0454563168        34,4181865022765        10660,6554468736        7314,58147718712        14629,1629543742        69,8580111111111   10344,4118460632        10359,6790665703        7307,07470046056        7322,0882  5391368    10337,0319028636    10367,0590097699
1        20      10337,1809046119        34,4060881016312        10645,9332971269        7308,08526580563        14616,1705316113        69,8619222222222   10329,8345111817        10344,5272980421        7300,94413286519        7315,2263  9874608    10322,898638731     10351,4631704928
          1      21      10350,0599252033        34,4025026802803        10658,7950114066        7304,52635772322        14609,0527154464        69,8386666666667        10342,5698523073        10357,5499980993  7297,36815004195      7311  ,68456540449     10335,7435098408        10364,3763405658
                                                                                                                                                                                                                                                                                                                                                                                                                                                                                              1        22      10346,1311715635        34,4164464865141        10654,8331018702        7312,573202935  14625,14640587  69,8482444444445        10338,7890048624        10353,4733382645        7305,1982050054         7319,9482008646
 10331,3811757043        10360,8811674227
1        23      10349,7092865001        34,4513812166293        10658,4220881831        7311,73131749046        14623,4626349809        69,8604333333334        10342,5289207638        10356,8896522365        7304,43736926034        7319,02526572059       10335,1213900399        10364,2971829604
1        24      10340,7638066899        34,4080589587863        10649,5120783776        7310,12298215839        14620,2459643168        69,8473666666667        10333,5236800048        10348,003933375         7302,84696301308        7317,3990013037        10326,2117683993        10355,3158449805
1        25      10346,0203984841        34,4036885514518        10654,7174972164        7316,08126261777        14632,1625252355        69,8183222222223        10338,8575216379        10353,1832753303        7308,95172986249        7323,21079537306       10331,7613329735        10360,2794639947
1        26      10341,4860414832        34,3813831504866        10650,192435135         7306,64128971691        14613,2825794338        69,8058888888889        10334,242722274         10348,7293606925        7299,55708668645        7313,72549274737       10327,3176354223        10355,6544475441
2        16      6505,10600843619        21,8066983853167        6814,35275490105        7238,73440555829        14477,4688111166        43,8287555555556        6497,8079622439         6512,40405462849        7232,17241340653        7245,29639771006       6491,98202413266        6518,22999273973
2        17      6506,39778910246        21,8257082127266        6815,64299672291        7167,17055288249        14334,341105765         43,9136888888889        6498,6311186935         6514,16445951142        7161,07351943388        7173,26758633111       6494,20372220524        6518,59185599969
2        18      6505,08047018872        21,811231393192         6814,33251319966        7137,9348092778         14275,8696185556        43,8706111111111        6497,50837188207        6512,65256849537        7132,48261263948        7143,38700591613       6494,17607691207        6515,98486346537
2        19      6496,74412519478        21,7822488105985        6805,99551848716        7120,76400651888        14241,5280130378        43,8390444444445        6489,10373520135        6504,3845151882         7115,52481277964        7126,00320025812       6486,2657377163         6507,22251267326
2        20      6511,73360367479        21,8301596127825        6820,96964327023        7110,94451532392        14221,8890306478        43,8968444444444        6504,31155184544        6519,15565550414        7106,00713973763        7115,88189091021       6501,8588525022         6521,60835484738
2        21      6501,80367693103        21,8112581403763        6811,04251343668        7114,82558343372        14229,6511668674        43,9183888888889        6494,47887143504        6509,12848242701        7109,72666164074        7119,9245052267        6491,60583334507        6512,00152051699
2        22      6497,61439834636        21,7910217690395        6806,77243354363        7104,75771869579        14209,5154373916        43,8689111111112        6490,1663147168         6505,06248197592        7099,68128538562        7109,83415200596       6487,46153172601        6507,7672649667
2        23      6504,49169514809        21,7986515788945        6813,72831679033        7107,50956585456        14215,0191317091        43,8470555555555        6497,06291136178        6511,92047893439        7102,42726080501        7112,59187090411       6494,32708504898        6514,65630524719
2        24      6501,90781530359        21,8116345611442        6811,16234279721        7107,55517651691        14215,1103530338        43,8966555555555        6494,32512074984        6509,49050985733        7102,31477663145        7112,79557640238       6491,42701553265        6512,38861507452
2        25      6499,32805445688        21,7799963337074        6808,58414372939        7110,70708036151        14221,414160723         43,8307666666666        6491,85295548186        6506,80315343191        7105,62796263266        7115,78619809037       6489,16981899917        6509,4862899146
2        26      6505,27041518578        21,8185473319294        6814,56069179103        7108,69738999091        14217,3947799818        43,8975888888889        6497,61569855686        6512,9251318147         7103,50095574793        7113,89382423389       6494,87754669982        6515,66328367174
3        16      2909,35845203423        10,005349858487         3219,05250478465        44108,8568772249        88217,7137544498        18,4805666666667        2901,34492673004        2917,37197733843        43045,6733114158        45172,0404430339       782,991320416163        5035,7255836523
3        17      2981,90835968795        10,2032304831927        3291,54157956387        12527,9538844922        25055,9077689843        19,0078111111111        2974,6054091992         2989,21131017671        12389,9457329842        12665,9620360001       2705,89205667203        3257,92466270388
3        18      2979,21376414389        10,1612184441109        3288,84048625881        8908,61141762748        17817,222835255         19,0467222222222        2972,19733780445        2986,23019048333        8877,2307164465         8939,99211880847       2916,45236178192        3041,97516650586
3        19      2973,81671523969        10,1109867398335        3283,48404708587        7889,26346421856        15778,5269284371        18,9996555555556        2966,50962122039        2981,12380925899        7874,04963879522        7904,4772896419        2943,38906439301        3004,24436608636
3        20      2960,00100147036        10,0622741654649        3269,72224351029        7460,63344574401        14921,266891488         19,0079666666667        2952,92547870203        2967,0765242387         7450,60674200696        7470,66014948106       2939,94759399626        2980,05440894447
3        21      2953,93967505606        10,0336879548776        3263,65211086496        7250,06045970623        14500,1209194125        18,9655777777778        2946,5694940812         2961,30985603091        7243,20574552666        7256,9151738858        2940,23024669692        2967,64910341519
3        22      2950,68101319019        10,0139235185213        3260,33346359557        7138,3401052489         14276,6802104978        18,9410222222222        2943,50877877324        2957,85324760715        7132,74519722663        7143,93501327117       2939,49119714566        2961,87082923473